63
13
489.94 10947.55
20 29 18 8 0 21 0 26 3 30 0 7 13 19 9 23 0 1 24 28 0 27 25 14 4 0 6 5 11 12 0 16 22 32 10 0 15 17 2 0 31 0 0 0 0 0 0 0 0 0 0 0 0 0 0 0 0 0 0 0 0 0 0 
1060.21 56173.55
2 29 1 0 3 13 20 26 0 4 15 16 0 17 28 21 25 0 31 23 0 32 12 18 27 0 5 8 9 14 0 6 24 30 19 0 7 10 11 22 0 0 0 0 0 0 0 0 0 0 0 0 0 0 0 0 0 0 0 0 0 0 0 
3 0 0 0 1 1 1 2 2 1 2 2 1 2 1 1 0 2 2 1 2 3 2 1 2 1 2 1 2 1 0 0
0 2 10 -1 5 0 0 0 0 0

0 4.14 76.94 6.87 20.98 29.67 14.56 1.25 5.73 6.76 66.19 31.59 30.75 1.63 20.13 43.56 24.43 45.54 1.63 2.04 0.28 0.33 52.82 5.52 9.32 9.21 1.15 6.95 15.31 0.95 4.11 81.23 41.74
4.14 0 82.76 17.6 28.48 38.67 20.27 3.86 11.51 12.52 72.12 36.78 35.86 4.78 24.98 48.75 33.72 51.63 7.07 5.79 4.64 4.24 61.11 5.59 1.14 5.93 8.27 7.02 6.01 4.93 13.85 89.56 49.23
76.94 82.76 0 87.02 45.99 37.14 62.65 72.2 65.87 63.69 4.02 35.59 31.46 72 48 34.68 81.75 27.4 74.07 72.78 82.41 77.75 61.9 71.57 75.74 75.43 80.74 70.7 72.22 72.49 82.16 88.93 31.28
6.87 17.6 87.02 0 22.83 31.54 16.39 6.59 9.43 10.16 69.03 30.11 33.67 7.61 19.24 46.4 16.36 47.15 4.46 7.61 3.93 2.6 40.15 13.37 17.14 16.97 1.1 14.27 23.02 2.3 0.47 71.86 44.47
20.98 28.48 45.99 22.83 0 4.49 2.79 15.94 11.63 10.5 38.82 6.54 17.87 15.66 0.97 33.45 29.14 20.96 15.09 16.84 21.29 20.94 33.31 15.18 29.4 18.84 23.22 14.6 27.19 16.3 22.29 72.34 15.55
29.67 38.67 37.14 31.54 4.49 0 12.84 23.58 20.08 17.87 31.18 0.37 8.27 23.3 3.6 26.95 34.94 12.99 22.73 24.44 28.78 28.45 40.31 22.44 38.2 26 30.72 21.85 34.65 23.92 28.46 83.76 17.75
14.56 20.27 62.65 16.39 2.79 12.84 0 12.38 8.12 12.23 49.24 13.37 21.9 13.49 2.92 38.26 24.84 29.22 11.23 12.98 17.9 17.54 30.54 16.86 25.61 20.48 20.42 16.28 28.71 12.73 17.73 68.92 23.85
1.25 3.86 72.2 6.59 15.94 23.58 12.38 0 1.48 1.91 58.83 25.77 24.88 0.29 13.94 35.97 28.74 37.96 1.86 0.5 1.88 1.33 45.19 1.6 7.12 4.56 2.6 2.26 11.13 1.29 8.61 83.78 36.33
5.73 11.51 65.87 9.43 11.63 20.08 8.12 1.48 0 1.62 59.06 20.11 25.25 1.95 8.14 36.27 27.5 38.26 1.83 2.04 6.42 6.01 43.59 4.07 14.37 7.77 8.75 5.51 18.3 1.84 10.1 82.21 30.96
6.76 12.52 63.69 10.16 10.5 17.87 12.23 1.91 1.62 0 53.68 20.94 20.72 1.41 8.97 30.92 33.59 32.68 5.96 1.97 5.39 4.98 52.07 1.12 13.41 2.34 8.98 1.35 10.85 4.42 13.34 88.82 31.79
66.19 72.12 4.02 69.03 38.82 31.18 49.24 58.83 59.06 53.68 0 31.8 27.71 61.9 40.81 32.08 70.9 23.56 64.01 62.7 74.39 67.75 53.64 61.45 73.52 65.43 70.76 60.59 69.97 62.39 72.22 82.62 25.47
31.59 36.78 35.59 30.11 6.54 0.37 13.37 25.77 20.11 20.94 31.8 0 9.31 26.34 4.99 27.94 36.38 14.02 24.16 25.94 30.57 30.25 41.74 23.76 42.39 27.3 32.82 23.17 36.27 25.74 29.76 85.1 18.93
30.75 35.86 31.46 33.67 17.87 8.27 21.9 24.88 25.25 20.72 27.71 9.31 0 22.7 14.97 12.64 43.16 10.62 24.41 23.38 33.32 27.55 63.01 22.14 36.48 25.72 29.82 21.43 34.98 22.96 31.1 95.7 36.1
1.63 4.78 72 7.61 15.66 23.3 13.49 0.29 1.95 1.41 61.9 26.34 22.7 0 13.5 35.3 26.98 37.29 2.08 0.56 2.33 1.78 46.21 1.82 8.02 3.99 3.7 2.21 12.02 1.6 9.69 84.72 36.77
20.13 24.98 48 19.24 0.97 3.6 2.92 13.94 8.14 8.97 40.81 4.99 14.97 13.5 0 28.49 28.82 21.89 12.76 14.51 19 18.64 36.58 12.84 27.37 16.53 20.92 12.26 24.9 13.97 19.98 74.88 17.05
43.56 48.75 34.68 46.4 33.45 26.95 38.26 35.97 36.27 30.92 32.08 27.94 12.64 35.3 28.49 0 59.75 26.34 40.24 38.91 50.91 44.11 78.69 37.59 41.93 41.79 47.12 31.7 38.25 38.53 48.65 113.25 52.83
24.43 33.72 81.75 16.36 29.14 34.94 24.84 28.74 27.5 33.59 70.9 36.38 43.16 26.98 28.82 59.75 0 52.44 19.54 23.58 20.48 20.86 34.2 29.44 32.99 32.85 14.96 30.03 45.32 18.52 11.84 54.04 48.34
45.54 51.63 27.4 47.15 20.96 12.99 29.22 37.96 38.26 32.68 23.56 14.02 10.62 37.29 21.89 26.34 52.44 0 30.92 29.9 39.49 34.46 53.78 28.79 44.45 32.29 37.49 28.2 43 29.5 38.96 89.22 29.5
1.63 7.07 74.07 4.46 15.09 22.73 11.23 1.86 1.83 5.96 64.01 24.16 24.41 2.08 12.76 40.24 19.54 30.92 0 1.94 2.5 1.95 43.48 7.1 13.24 11.25 4.27 8.52 18.06 0.58 5.62 79.06 34.6
2.04 5.79 72.78 7.61 16.84 24.44 12.98 0.5 2.04 1.97 62.7 25.94 23.38 0.56 14.51 38.91 23.58 29.9 1.94 0 2.8 2.31 44.64 2.35 9.9 5.9 5.61 3.62 13.87 1.36 8.29 83.23 35.78
0.28 4.64 82.41 3.93 21.29 28.78 17.9 1.88 6.42 5.39 74.39 30.57 33.32 2.33 19 50.91 20.48 39.49 2.5 2.8 0 1.15 51.47 4.32 8.13 8.02 1.89 5.75 14.14 0.66 6.04 79.94 40.37
0.33 4.24 77.75 2.6 20.94 28.45 17.54 1.33 6.01 4.98 67.75 30.25 27.55 1.78 18.64 44.11 20.86 34.46 1.95 2.31 1.15 0 52.97 5.64 9.45 9.33 1.44 7.07 15.43 0.96 3.99 81.38 41.89
52.82 61.11 61.9 40.15 33.31 40.31 30.54 45.19 43.59 52.07 53.64 41.74 63.01 46.21 36.58 78.69 34.2 53.78 43.48 44.64 51.47 52.97 0 53.4 58.91 63.42 42.9 54.97 71.38 47.43 39.18 26 15.88
5.52 5.59 71.57 13.37 15.18 22.44 16.86 1.6 4.07 1.12 61.45 23.76 22.14 1.82 12.84 37.59 29.44 28.79 7.1 2.35 4.32 5.64 53.4 0 8.8 1.82 9.71 0.37 6.64 5.61 15.22 90.87 35.79
9.32 1.14 75.74 17.14 29.4 38.2 25.61 7.12 14.37 13.41 73.52 42.39 36.48 8.02 27.37 41.93 32.99 44.45 13.24 9.9 8.13 9.45 58.91 8.8 0 8.95 11.84 10.03 2.42 8.52 17.38 93.65 53.51
9.21 5.93 75.43 16.97 18.84 26 20.48 4.56 7.77 2.34 65.43 27.3 25.72 3.99 16.53 41.79 32.85 32.29 11.25 5.9 8.02 9.33 63.42 1.82 8.95 0 11.06 0.61 8 6.98 16.34 92.39 37.42
1.15 8.27 80.74 1.1 23.22 30.72 20.42 2.6 8.75 8.98 70.76 32.82 29.82 3.7 20.92 47.12 14.96 37.49 4.27 5.61 1.89 1.44 42.9 9.71 11.84 11.06 0 11.42 22.25 1.55 1.44 76.07 45.64
6.95 7.02 70.7 14.27 14.6 21.85 16.28 2.26 5.51 1.35 60.59 23.17 21.43 2.21 12.26 31.7 30.03 28.2 8.52 3.62 5.75 7.07 54.97 0.37 10.03 0.61 11.42 0 7.64 7.04 16.52 92.32 35.08
15.31 6.01 72.22 23.02 27.19 34.65 28.71 11.13 18.3 10.85 69.97 36.27 34.98 12.02 24.9 38.25 45.32 43 18.06 13.87 14.14 15.43 71.38 6.64 2.42 8 22.25 7.64 0 15.98 25.02 102 52.3
0.95 4.93 72.49 2.3 16.3 23.92 12.73 1.29 1.84 4.42 62.39 25.74 22.96 1.6 13.97 38.53 18.52 29.5 0.58 1.36 0.66 0.96 47.43 5.61 8.52 6.98 1.55 7.04 15.98 0 4.47 77.57 36.8
4.11 13.85 82.16 0.47 22.29 28.46 17.73 8.61 10.1 13.34 72.22 29.76 31.1 9.69 19.98 48.65 11.84 38.96 5.62 8.29 6.04 3.99 39.18 15.22 17.38 16.34 1.44 16.52 25.02 4.47 0 72.04 44.62
81.23 89.56 88.93 71.86 72.34 83.76 68.92 83.78 82.21 88.82 82.62 85.1 95.7 84.72 74.88 113.25 54.04 89.22 79.06 83.23 79.94 81.38 26 90.87 93.65 92.39 76.07 92.32 102 77.57 72.04 0 52.42
41.74 49.23 31.28 44.47 15.55 17.75 23.85 36.33 30.96 31.79 25.47 18.93 36.1 36.77 17.05 52.83 48.34 29.5 34.6 35.78 40.37 41.89 15.88 35.79 53.51 37.42 45.64 35.08 52.3 36.8 44.62 52.42 0

0 409 2245 721 1026 1345 848 249 573 604 1838 1424 1326 325 816 1340 1208 1328 327 411 55 63 1645 514 560 755 228 595 807 188 538 2091 1745
409 0 2340 1089 1099 1355 995 392 711 742 1933 1371 1207 448 911 1348 1239 1423 539 507 507 397 1788 470 228 484 562 551 594 400 741 2197 1605
2245 2340 0 2352 1847 1759 2083 2104 1954 1915 547 1712 1465 2229 1941 1346 2501 1461 2260 2257 2575 2365 2090 2170 1946 2423 2315 2214 1841 2160 2387 2505 1696
721 1089 2352 0 839 1158 661 464 448 396 1770 1174 921 541 773 1272 825 1350 383 547 464 406 1337 644 691 885 220 664 937 244 92 1752 1558
1026 1099 1847 839 0 549 415 835 815 547 1736 628 964 830 194 1271 1265 1061 888 935 1206 1096 1558 771 1393 1024 973 815 1025 890 941 2249 1046
1345 1355 1759 1158 549 0 798 1221 1005 909 1374 73 596 1216 444 1136 1490 733 1274 1321 1592 1482 1644 1133 1509 1386 1359 1177 1387 1276 1094 2224 924
848 995 2083 661 415 798 0 994 924 872 1863 821 1186 806 416 1488 1184 1188 1037 1083 1098 988 1488 1096 1267 1349 1062 1140 1350 1051 851 2179 1173
249 392 2104 464 835 1221 994 0 301 332 1646 1129 797 56 624 1148 1186 1136 376 98 374 264 1742 324 576 565 429 405 697 258 739 2144 1483
573 711 1954 448 815 1005 924 301 0 329 1761 1055 912 396 550 1263 1176 1251 366 413 688 578 1732 507 863 748 563 589 984 373 635 2134 1504
604 742 1915 396 547 909 872 332 329 0 1568 995 719 281 490 1070 1242 1058 615 397 758 648 2013 222 853 475 813 266 752 515 691 2185 1443
1838 1933 547 1770 1736 1374 1863 1646 1761 1568 0 1364 1044 1899 1497 1069 2239 1029 1930 1927 2134 2035 1703 1840 1670 2093 1985 1884 1565 1830 2057 2164 1450
1424 1371 1712 1174 628 73 821 1129 1055 995 1364 0 637 1211 507 1177 1535 774 1161 1222 1503 1393 1689 1196 1551 1449 1285 1240 1450 1190 1157 2269 969
1326 1207 1465 921 964 596 1186 797 912 719 1044 637 0 853 633 607 1372 567 884 881 1088 989 1877 900 1267 1153 939 922 1048 784 1011 2267 1329
325 448 2229 541 830 1216 806 56 396 281 1899 1211 853 0 670 1194 1370 1182 419 110 466 356 1799 367 628 608 521 449 749 319 831 2201 1624
816 911 1941 773 194 444 416 624 550 490 1497 507 633 670 0 1090 1151 947 822 869 1140 1030 1611 705 1057 958 907 749 959 824 876 2358 976
1340 1348 1346 1272 1271 1136 1488 1148 1263 1070 1069 1177 607 1194 1090 0 1854 1099 1522 1519 1726 1627 2265 1432 1481 1685 1577 1696 1376 1422 1649 2799 1811
1208 1239 2501 825 1265 1490 1184 1186 1176 1242 2239 1535 1372 1370 1151 1854 0 1560 956 1091 961 927 1481 1183 1235 1424 763 1208 1418 788 635 1677 1680
1328 1423 1461 1350 1061 733 1188 1136 1251 1058 1029 774 567 1182 947 1099 1560 0 1204 1201 1629 1309 1834 1114 1587 1367 1259 1158 1368 1104 1283 2195 1332
327 539 2260 383 888 1274 1037 376 366 615 1930 1161 884 419 822 1522 956 1204 0 392 502 392 1724 607 799 956 520 688 963 113 590 2036 1465
411 507 2257 547 935 1321 1083 98 413 397 1927 1222 881 110 869 1519 1091 1201 392 0 543 468 1750 479 740 720 633 561 861 270 747 2152 1491
55 507 2575 464 1206 1592 1098 374 688 758 2134 1503 1088 466 1140 1726 961 1629 502 543 0 225 1587 456 502 697 383 537 749 130 700 2033 1687
63 397 2365 406 1096 1482 988 264 578 648 2035 1393 989 356 1030 1627 927 1309 392 468 225 0 1647 516 562 757 285 597 809 190 595 2093 1747
1645 1788 2090 1337 1558 1644 1488 1742 1732 2013 1703 1689 1877 1799 1611 2265 1481 1834 1724 1750 1587 1647 0 1938 1909 2076 1385 2019 2154 1410 1257 1123 688
514 470 2170 644 771 1133 1096 324 507 222 1840 1196 900 367 705 1432 1183 1114 607 479 456 516 1938 0 637 358 684 71 634 532 853 2309 1622
560 228 1946 691 1393 1509 1267 576 863 853 1670 1551 1267 628 1057 1481 1235 1587 799 740 502 562 1909 637 0 620 655 688 466 493 834 2290 1698
755 484 2423 885 1024 1386 1349 565 748 475 2093 1449 1153 608 958 1685 1424 1367 956 720 697 757 2076 358 620 0 730 119 680 578 925 2355 1670
228 562 2315 220 973 1359 1062 429 563 813 1985 1285 939 521 907 1577 763 1259 520 633 383 285 1385 684 655 730 0 839 1005 312 293 1973 1558
595 551 2214 664 815 1177 1140 405 589 266 1884 1240 922 449 749 1696 1208 1158 688 561 537 597 2019 71 688 119 839 0 621 617 880 2394 1632
807 594 1841 937 1025 1387 1350 697 984 752 1565 1450 1048 749 959 1376 1418 1368 963 861 749 809 2154 634 466 680 1005 621 0 929 1188 2644 1903
188 400 2160 244 890 1276 1051 258 373 515 1830 1190 784 319 824 1422 788 1104 113 270 130 190 1410 532 493 578 312 617 929 0 603 2050 1553
538 741 2387 92 941 1094 851 739 635 691 2057 1157 1011 831 876 1649 635 1283 590 747 700 595 1257 853 834 925 293 880 1188 603 0 1923 1511
2091 2197 2505 1752 2249 2224 2179 2144 2134 2185 2164 2269 2267 2201 2358 2799 1677 2195 2036 2152 2033 2093 1123 2309 2290 2355 1973 2394 2644 2050 1923 0 1541
1745 1605 1696 1558 1046 924 1173 1483 1504 1443 1450 969 1329 1624 976 1811 1680 1332 1465 1491 1687 1747 688 1622 1698 1670 1558 1632 1903 1553 1511 1541 0
