85
13
474.34 12585.6
37 12 0 15 5 2 32 0 26 10 27 0 20 23 21 40 0 11 36 25 38 0 16 3 14 13 0 1 19 41 30 0 29 34 4 17 0 42 6 39 18 0 28 9 7 43 0 8 22 31 35 0 33 0 24 0 0 0 0 0 0 0 0 0 0 0 0 0 0 0 0 0 0 0 0 0 0 0 0 0 0 0 0 0 0 
1068.56 21461.6
5 18 0 6 43 0 7 0 8 0 9 0 10 38 16 0 11 29 0 12 2 17 0 15 4 3 0 19 0 20 33 34 0 21 26 27 28 0 22 0 23 14 0 24 25 0 30 0 31 32 0 35 0 36 40 13 0 37 1 39 0 41 42 0 0 0 0 0 0 0 0 0 0 0 0 0 0 0 0 0 0 0 0 0 0 
1 2 3 1 0 0 0 0 0 0 0 0 3 2 0 3 2 1 0 0 0 0 0 0 1 2 3 3 2 0 0 1 2 3 0 0 0 2 1 2 0 2 3
0 0 0 -1 0 0 0 0 0 0

0 5.55 1.95 13.37 7.88 2.02 17.66 23.56 28.75 13.79 2.52 3.89 1.74 14.92 14.19 1.42 4.4 21.6 29.43 14.47 3.83 6.3 32.44 4.98 57.55 6.73 1.54 2.85 13.43 6.09 17.73 57.55 3.56 30.79 10.87 47.25 8.52 0.75 6.82 14.84 6.87 18.19 13.32 21.13
5.55 0 3.23 7.14 15.39 2.94 20.63 17.71 29.16 4.44 11.53 5.76 1.81 4.91 5.03 1.8 3.81 27.29 32.15 3.21 1.48 1.77 37.77 1.5 55.82 1.74 11.62 11.38 4.08 13.18 6.94 62.71 3.43 42.84 18.85 53.43 3.14 4.92 0.7 21.9 1.92 7.4 18.89 20.15
1.95 3.23 0 6.81 5.08 0.68 22.04 17.78 25.01 15.19 9.53 8.33 2.61 8.3 7.55 1.41 0.97 18.33 33.41 11.73 5.9 8.32 29.18 7.01 53.48 8.74 4.59 9.87 14.84 3.54 12.26 52.56 0.75 38.52 8.35 43.14 9.93 3.18 7.26 22.4 8.88 12.72 16.91 17.32
13.37 7.14 6.81 0 7.17 6.86 25.34 9.76 19.57 15.96 19.16 12.97 9.53 3.92 0.76 8.4 1.57 20.79 38.16 12.1 7.17 8.51 28.62 7.19 45.94 8.93 15.04 19.6 15.76 9.25 10.35 52.98 2.03 47.88 12.47 43.54 10.42 13.25 8.09 26.62 9.07 8.93 23.52 11.78
7.88 15.39 5.08 7.17 0 5.78 28.99 17.96 23.15 25.53 12.26 15.42 10.58 13.4 11.32 7.7 3.11 13.24 34.61 21.19 15.58 17.71 23.79 16.43 51.16 18.13 7.3 12.59 25.25 1.68 19.49 46.45 3.53 40.69 3.01 36.89 19.25 5.96 18.13 24.24 18.26 18.11 23.97 15.5
2.02 2.94 0.68 6.86 5.78 0 19.4 19.44 28.46 13.88 8.37 6.39 1.97 10.29 9.52 0.73 1.48 20.18 31.08 11.94 4.09 6.72 31 5.25 55.78 7.14 4.46 8.23 13.53 5.79 12.46 54.84 1.25 36.24 10.57 45.46 9.15 1.71 6.02 20.54 7.29 12.92 15.02 19.53
17.66 20.63 22.04 25.34 28.99 19.4 0 38.37 52.77 20.89 8.85 11.49 17.85 28.53 27.62 17.33 24.25 43.13 10.15 27.28 16.45 14.88 56.53 14.22 79.5 13.56 17.16 13.86 20.47 24.04 34.95 86.03 24.65 22.8 31.48 63.41 12.09 15.78 19.83 1.51 14.72 33.31 1.78 41.66
23.56 17.71 17.78 9.76 17.96 19.44 38.37 0 3.8 21.68 29.84 25.68 22.38 9.04 7.89 20.9 12.34 25.49 53.84 18.89 20.07 21.37 23.78 20.09 31.03 21.78 24.74 29.69 21.39 19.02 12.99 50.1 13.53 59.56 21.51 49.29 23.26 23.5 21.48 41.07 23.61 11.58 37.09 1.3
28.75 29.16 25.01 19.57 23.15 28.46 52.77 3.8 0 29.91 39.52 33.98 30.6 18.03 18.16 29.15 20.74 25.05 63.73 27.17 28.32 29.58 19.72 28.34 29.92 30 31.3 39.3 29.62 24.55 20.49 44.75 21.9 64.33 26.84 46.14 31.46 31.71 30.03 51.16 31.8 19.12 47.21 1.56
13.79 4.44 15.19 15.96 25.53 13.88 20.89 21.68 29.91 0 14.58 8.37 7.44 5.53 12.69 10.08 14.93 39.27 32.54 4.08 6.63 2.48 45.92 4.84 58.76 2.69 17.74 17.52 1.05 23.64 8.74 70.58 13.85 41.93 28.21 65.55 3.85 11.17 1.96 22.36 2.63 10.34 18.86 23.21
2.52 11.53 9.53 19.16 12.26 8.37 8.85 29.84 39.52 14.58 0 3.45 6.35 21.83 22.43 5.8 12.89 29.34 17.21 20.87 9.15 10.41 36.41 9.03 67.6 9.06 1.99 1 15.79 8.94 25.29 63.84 11.98 21.6 13.68 46.51 7.32 1.68 13.74 6.43 9.64 26.44 5.73 29.32
3.89 5.76 8.33 12.97 15.42 6.39 11.49 25.68 33.98 8.37 3.45 0 3.43 13.22 13.45 6.11 10.54 31.22 24.47 13.14 1.94 1.73 44.55 1.39 62.56 1.28 11.15 8.48 5.87 17.13 17.67 69.2 10.27 29.34 21.79 59.12 1.08 5.74 5.08 13.9 1.59 17.93 7.72 25.63
1.74 1.81 2.61 9.53 10.58 1.97 17.85 22.38 30.6 7.44 6.35 3.43 0 13.24 14.6 1.59 6.27 25.61 27.99 12.31 1.9 2.68 37.57 1.91 62.56 3.1 5.28 5.04 9.08 11.35 17.22 62.51 5.93 32.54 16.08 49.66 5.13 0.87 5.09 17.46 3.25 17.68 12.75 25.14
14.92 4.91 8.3 3.92 13.4 10.29 28.53 9.04 18.03 5.53 21.83 13.22 13.24 0 1.72 11.83 4.25 30.32 42.95 2.35 10.61 9.98 32.19 9.86 45.28 10.72 18.5 22.51 5.7 13.87 1.61 57.38 5.47 50.82 18.55 52.69 12.19 16.21 4 30.4 10.72 1.19 25.76 11.52
14.19 5.03 7.55 0.76 11.32 9.52 27.62 7.89 18.16 12.69 22.43 13.45 14.6 1.72 0 10.91 3.37 23.6 41.01 9.76 9.69 11.02 29.7 9.71 44.71 11.44 17.49 22.02 13.17 11.75 7.66 54.12 4.59 50.65 14.94 44.72 12.92 15.73 5.98 28.99 11.58 6.22 25.91 10.08
1.42 1.8 1.41 8.4 7.7 0.73 17.33 20.9 29.15 10.08 5.8 6.11 1.59 11.83 10.91 0 2.04 22.42 28.59 10.2 1.95 4.19 33.34 2.73 59.21 4.61 4.88 5.58 11.36 8.11 13.96 58.37 1.84 33.12 12.86 48.1 6.64 1.02 3.48 17.98 4.76 14.42 12.41 23.03
4.4 3.81 0.97 1.57 3.11 1.48 24.25 12.34 20.74 14.93 12.89 10.54 6.27 4.25 3.37 2.04 0 18.09 37.09 12.06 6.17 8.59 28.97 7.28 47.36 9.01 8.04 13.06 15.11 3.27 10.53 53.31 0.25 43.29 8.1 42.94 10.77 6.62 7.9 25.25 9.15 9.11 19.8 13.35
21.6 27.29 18.33 20.79 13.24 20.18 43.13 25.49 25.05 39.27 29.34 31.22 25.61 30.32 23.6 22.42 18.09 0 40.77 39.24 28.44 30.76 5.58 29.54 62.5 31.18 16.54 27.34 39.76 10.48 33.27 28.44 17.62 30 3.9 18.65 32.01 21.6 31.31 44.49 31.29 31.96 38 25.82
29.43 32.15 33.41 38.16 34.61 31.08 10.15 53.84 63.73 32.54 17.21 24.47 27.99 42.95 41.01 28.59 37.09 40.77 0 41.52 29.69 27.48 54.45 26.87 103.84 26.22 23.83 19.46 32.91 29.29 50.54 75.87 40.04 13.68 28.74 55.13 24.77 28.52 32.47 8.15 27.34 48.96 12.4 57.16
14.47 3.21 11.73 12.1 21.19 11.94 27.28 18.89 27.17 4.08 20.87 13.14 12.31 2.35 9.76 10.2 12.06 39.24 41.52 0 12.14 11.17 42.26 11.28 55.11 12.58 20.85 22.13 6.07 21.77 1.99 66.97 12.03 52.15 26.33 62.9 13.55 17.54 5.22 31.26 11.74 1.76 26.48 19.46
3.83 1.48 5.9 7.17 15.58 4.09 16.45 20.07 28.32 6.63 9.15 1.94 1.9 10.61 9.69 1.95 6.17 28.44 29.69 12.14 0 1.36 38.11 0.07 56.15 1.33 8.33 8.09 4.84 14.36 11.25 63.03 4.38 36.13 19.05 53.19 1.78 1.57 1.32 17.3 1.51 11.71 12.33 20.46
6.3 1.77 8.32 8.51 17.71 6.72 14.88 21.37 29.58 2.48 10.41 1.73 2.68 9.98 11.02 4.19 8.59 30.76 27.48 11.17 1.36 0 42.54 1.1 60.44 0.48 11.5 12.09 2.25 17.48 11.89 67.25 8.16 33.67 22.13 57.69 1.35 5.64 1.55 15.19 0.13 12.35 11.98 24.1
32.44 37.77 29.18 28.62 23.79 31 56.53 23.78 19.72 45.92 36.41 44.55 37.57 32.19 29.7 33.34 28.97 5.58 54.45 42.26 38.11 42.54 0 40.3 61.65 42.38 28.28 37.09 46.13 21.63 39.7 16.65 29.53 40.53 16.37 20.99 44.32 36.86 42.53 59.51 44.71 38.08 52.7 23.41
4.98 1.5 7.01 7.19 16.43 5.25 14.22 20.09 28.34 4.84 9.03 1.39 1.91 9.86 9.71 2.73 7.28 29.54 26.87 11.28 0.07 1.1 40.3 0 57.99 1.3 8.3 8.07 4.54 14.33 12.32 64.84 4.98 33.76 19.02 53.13 1.75 1.54 1.76 16.68 1.49 13.24 12.04 22.04
57.55 55.82 53.48 45.94 51.16 55.78 79.5 31.03 29.92 58.76 67.6 62.56 62.56 45.28 44.71 59.21 47.36 62.5 103.84 55.11 56.15 60.44 61.65 57.99 0 59.79 62.41 68.69 59.48 55.76 53.16 77.44 49.64 97.69 58.71 91.1 61.71 61.41 59.96 80.95 62.08 51.58 76.71 26.15
6.73 1.74 8.74 8.93 18.13 7.14 13.56 21.78 30 2.69 9.06 1.28 3.1 10.72 11.44 4.61 9.01 31.18 26.22 12.58 1.33 0.48 42.38 1.3 59.79 0 13.35 11.11 2.31 19.31 13.22 69 10.02 31.85 23.93 59.44 0.93 6.95 1.64 13.87 0.31 13.68 10.3 25.38
1.54 11.62 4.59 15.04 7.3 4.46 17.16 24.74 31.3 17.74 1.99 11.15 5.28 18.5 17.49 4.88 8.04 16.54 23.83 20.85 8.33 11.5 28.28 8.3 62.41 13.35 0 2.09 18.32 2.32 20.84 51.22 6.8 27.73 5.86 39.12 13.48 1.26 11.81 14.24 11.85 21.3 13.56 24.4
2.85 11.38 9.87 19.6 12.59 8.23 13.86 29.69 39.3 17.52 1 8.48 5.04 22.51 22.02 5.58 13.06 27.34 19.46 22.13 8.09 12.09 37.09 8.07 68.69 11.11 2.09 0 16.35 7.02 23.8 61.59 10.03 24.83 11.78 44.21 7.9 0.95 11.8 8.59 10.22 25.19 7.89 27.45
13.43 4.08 14.84 15.76 25.25 13.53 20.47 21.39 29.62 1.05 15.79 5.87 9.08 5.7 13.17 11.36 15.11 39.76 32.91 6.07 4.84 2.25 46.13 4.54 59.48 2.31 18.32 16.35 0 26.7 11.84 73.97 17.53 40.26 31.22 68.64 2.36 14.26 4.25 20.95 3.29 13.44 17.53 26.21
6.09 13.18 3.54 9.25 1.68 5.79 24.04 19.02 24.55 23.64 8.94 17.13 11.35 13.87 11.75 8.11 3.27 10.48 29.29 21.77 14.36 17.48 21.63 14.33 55.76 19.31 2.32 7.02 26.7 0 19.69 44.13 3.45 31.64 1.57 31.12 18.59 5.85 17.85 21 17.87 18.31 20.34 20.01
17.73 6.94 12.26 10.35 19.49 12.46 34.95 12.99 20.49 8.74 25.29 17.67 17.22 1.61 7.66 13.96 10.53 33.27 50.54 1.99 11.25 11.89 39.7 12.32 53.16 13.22 20.84 23.8 11.84 19.69 0 63.47 10.3 53.13 23.19 58.08 14.46 18.44 5.94 32.13 12.44 0.4 27.89 15.99
57.55 62.71 52.56 52.98 46.45 54.84 86.03 50.1 44.75 70.58 63.84 69.2 62.51 57.38 54.12 58.37 53.31 28.44 75.87 66.97 63.03 67.25 16.65 64.84 77.44 69 51.22 61.59 73.97 44.13 63.47 0 52.4 60.89 37.1 23.98 67.81 60.27 66.09 82.52 68.18 62.29 75.55 46.66
3.56 3.43 0.75 2.03 3.53 1.25 24.65 13.53 21.9 13.85 11.98 10.27 5.93 5.47 4.59 1.84 0.25 17.62 40.04 12.03 4.38 8.16 29.53 4.98 49.64 10.02 6.8 10.03 17.53 3.45 10.3 52.4 0 44.39 9.07 44.04 11.31 6.15 8.2 26.17 9.45 10.08 20.74 14.31
30.79 42.84 38.52 47.88 40.69 36.24 22.8 59.56 64.33 41.93 21.6 29.34 32.54 50.82 50.65 33.12 43.29 30 13.68 52.15 36.13 33.67 40.53 33.76 97.69 31.85 27.73 24.83 40.26 31.64 53.13 60.89 44.39 0 27.15 35.83 33.05 25.62 38.96 16.12 35.75 55.77 21.19 62.1
10.87 18.85 8.35 12.47 3.01 10.57 31.48 21.51 26.84 28.21 13.68 21.79 16.08 18.55 14.94 12.86 8.1 3.9 28.74 26.33 19.05 22.13 16.37 19.02 58.71 23.93 5.86 11.78 31.22 1.57 23.19 37.1 9.07 27.15 0 27.43 24.3 11.76 23.58 26.65 27.67 24.01 28.98 23.56
47.25 53.43 43.14 43.54 36.89 45.46 63.41 49.29 46.14 65.55 46.51 59.12 49.66 52.69 44.72 48.1 42.94 18.65 55.13 62.9 53.19 57.69 20.99 53.13 91.1 59.44 39.12 44.21 68.64 31.12 58.08 23.98 44.04 35.83 27.43 0 59.82 42.24 58.08 59.44 60.2 57.69 63.01 46.63
8.52 3.14 9.93 10.42 19.25 9.15 12.09 23.26 31.46 3.85 7.32 1.08 5.13 12.19 12.92 6.64 10.77 32.01 24.77 13.55 1.78 1.35 44.32 1.75 61.71 0.93 13.48 7.9 2.36 18.59 14.46 67.81 11.31 33.05 24.3 59.82 0 5.76 3.64 12.13 1.32 16.54 8.56 24.26
0.75 4.92 3.18 13.25 5.96 1.71 15.78 23.5 31.71 11.17 1.68 5.74 0.87 16.21 15.73 1.02 6.62 21.6 28.52 17.54 1.57 5.64 36.86 1.54 61.41 6.95 1.26 0.95 14.26 5.85 18.44 60.27 6.15 25.62 11.76 42.24 5.76 0 6.04 12.41 6.09 19.62 11.72 22.78
6.82 0.7 7.26 8.09 18.13 6.02 19.83 21.48 30.03 1.96 13.74 5.08 5.09 4 5.98 3.48 7.9 31.31 32.47 5.22 1.32 1.55 42.53 1.76 59.96 1.64 11.81 11.8 4.25 17.85 5.94 66.09 8.2 38.96 23.58 58.08 3.64 6.04 0 21.62 2.14 6.07 18.08 21.27
14.84 21.9 22.4 26.62 24.24 20.54 1.51 41.07 51.16 22.36 6.43 13.9 17.46 30.4 28.99 17.98 25.25 44.49 8.15 31.26 17.3 15.19 59.51 16.68 80.95 13.87 14.24 8.59 20.95 21 32.13 82.52 26.17 16.12 26.65 59.44 12.13 12.41 21.62 0 18.81 38.2 3.38 46.48
6.87 1.92 8.88 9.07 18.26 7.29 14.72 23.61 31.8 2.63 9.64 1.59 3.25 10.72 11.58 4.76 9.15 31.29 27.34 11.74 1.51 0.13 44.71 1.49 62.08 0.31 11.85 10.22 3.29 17.87 12.44 68.18 9.45 35.75 27.67 60.2 1.32 6.09 2.14 18.81 0 13.7 11.45 26.48
18.19 7.4 12.72 8.93 18.11 12.92 33.31 11.58 19.12 10.34 26.44 17.93 17.68 1.19 6.22 14.42 9.11 31.96 48.96 1.76 11.71 12.35 38.08 13.24 51.58 13.68 21.3 25.19 13.44 18.31 0.4 62.29 10.08 55.77 24.01 57.69 16.54 19.62 6.07 38.2 13.7 0 29.35 15.03
13.32 18.89 16.91 23.52 23.97 15.02 1.78 37.09 47.21 18.86 5.73 7.72 12.75 25.76 25.91 12.41 19.8 38 12.4 26.48 12.33 11.98 52.7 12.04 76.71 10.3 13.56 7.89 17.53 20.34 27.89 75.55 20.74 21.19 28.98 63.01 8.56 11.72 18.08 3.38 11.45 29.35 0 36.88
21.13 20.15 17.32 11.78 15.5 19.53 41.66 1.3 1.56 23.21 29.32 25.63 25.14 11.52 10.08 23.03 13.35 25.82 57.16 19.46 20.46 24.1 23.41 22.04 26.15 25.38 24.4 27.45 26.21 20.01 15.99 46.66 14.31 62.1 23.56 46.63 24.26 22.78 21.27 46.48 26.48 15.03 36.88 0

0 543 394 790 720 408 1093 1125 1370 993 470 510 347 928 895 284 455 925 1337 911 491 612 1224 555 1687 608 307 451 981 587 1214 1949 514 1374 800 1560 691 148 558 966 643 1172 731 1008
543 0 501 491 787 489 949 908 1133 560 690 687 367 507 619 362 555 1279 1193 499 297 357 1291 300 1655 353 772 709 548 942 663 2016 522 1495 1123 1648 447 433 137 905 388 621 940 843
394 501 0 597 541 134 1150 1109 1306 1017 775 595 530 711 678 279 192 874 1411 915 592 709 1173 652 1637 704 549 756 1005 467 921 2047 148 1549 681 1509 726 452 656 1145 740 879 831 944
790 491 597 0 551 629 1030 725 1012 954 916 795 539 464 149 590 318 969 1274 789 513 573 1063 516 1427 569 947 881 1026 620 735 1788 378 1621 871 1420 555 605 560 986 604 648 1032 796
720 787 541 551 0 588 1351 927 1235 1252 912 926 706 828 797 598 434 731 1753 1197 840 981 1174 924 1581 977 693 893 1255 336 1143 1904 451 1669 587 1366 992 589 908 1408 1012 1056 1032 810
408 489 134 629 588 0 1069 1088 1318 1043 573 519 394 769 781 143 295 905 1361 934 546 693 1204 610 1667 688 519 592 1031 568 940 2078 249 1473 781 1540 782 316 620 1069 724 898 755 1038
1093 949 1150 1030 1351 1069 0 1421 1646 1040 630 680 915 1009 1090 852 1050 1520 671 1166 923 748 1819 662 2168 639 1045 876 1011 1394 1319 2529 1067 1128 1386 1907 656 979 977 301 703 1232 355 1356
1125 908 1109 725 927 1088 1421 0 492 858 1075 1157 901 530 705 813 677 937 1636 792 875 935 918 878 1398 931 1067 1094 861 784 987 1607 737 1719 882 1407 917 818 1007 1348 948 900 1383 259
1370 1133 1306 1012 1235 1318 1646 492 0 1173 1390 1473 1217 756 911 1128 993 1018 1952 1107 1191 1251 1040 1194 1275 1247 1520 1409 1176 1160 1244 1966 1053 2030 1271 1595 1233 1133 1178 1664 1264 1157 1699 317
993 560 1017 954 1252 1043 1040 858 1173 0 934 813 592 462 744 733 988 1478 1368 536 577 501 1444 575 1769 531 997 934 206 1128 834 2169 1010 1639 1342 2048 484 658 396 1080 532 685 1096 890
470 690 775 916 912 573 630 1075 1390 934 0 378 540 888 1065 477 675 1262 964 1015 650 726 1777 584 1907 616 404 199 928 753 1313 2203 719 1197 966 1718 573 338 751 619 697 1111 584 1228
510 687 595 795 926 519 680 1157 1473 813 378 0 364 699 704 505 583 1200 994 780 390 349 1499 280 1782 256 722 658 569 852 1078 2224 775 1126 1066 1835 214 491 502 753 320 922 537 970
347 367 530 539 706 394 915 901 1217 592 540 364 0 677 936 324 740 991 1272 804 382 517 1290 384 1754 512 513 450 777 644 1164 2015 713 1330 858 1750 606 174 536 927 548 1122 659 1075
928 507 711 464 828 769 1009 530 756 462 888 699 677 0 350 788 491 1169 1369 470 711 784 1094 587 1418 662 1149 930 488 890 324 1819 551 1593 1104 1746 697 654 466 1081 660 237 1004 650
895 619 678 149 797 781 1090 705 911 744 1065 704 936 350 0 748 476 1070 1432 719 671 731 1200 674 1549 727 1105 1039 777 778 617 1925 536 1779 1029 1557 713 763 555 1144 762 530 1190 814
284 362 279 590 598 143 852 813 1128 733 477 505 324 788 748 0 414 1024 1249 825 395 536 1323 459 1787 531 582 480 905 687 988 2048 370 1361 900 1659 625 204 463 957 567 946 643 975
455 555 192 318 434 295 1050 677 993 988 675 583 740 491 476 414 0 827 1438 916 579 696 1126 639 1525 691 675 695 992 419 812 1851 49 1580 633 1462 676 419 624 1172 727 725 858 724
925 1279 874 969 731 905 1520 937 1018 1478 1262 1200 991 1169 1070 1024 827 0 1679 1507 1099 1220 512 1214 1753 1216 1088 1124 1513 775 1527 1342 756 1152 536 887 1251 1242 1166 1606 1251 1440 1292 1008
1337 1193 1411 1274 1753 1361 671 1636 1952 1368 964 994 1272 1369 1432 1249 1438 1679 0 1522 1091 1104 1801 1018 2532 995 1373 1110 1367 1649 1675 2414 1385 924 1759 1741 1012 1202 1169 600 1059 1588 747 1712
911 499 915 789 1197 934 1166 792 1107 536 1015 780 804 470 719 825 916 1507 1522 0 843 829 1492 767 1817 865 1315 1181 658 1283 394 2217 925 1773 1497 2162 947 950 511 1312 860 351 1300 1232
491 297 592 513 840 546 923 875 1191 577 650 390 382 711 671 395 579 1099 1091 843 0 270 1319 14 1683 266 625 562 614 756 886 2044 549 1442 970 1862 360 286 265 791 301 844 709 871
612 357 709 573 981 693 748 935 1251 501 726 349 517 784 731 536 696 1220 1104 829 270 0 1484 218 1848 94 769 759 452 900 938 2209 714 1335 1114 2059 269 483 310 700 26 896 793 1036
1224 1291 1173 1063 1174 1204 1819 918 1040 1444 1777 1499 1290 1094 1200 1323 1126 512 1801 1492 1319 1484 0 1445 1833 1498 1438 1354 1455 1175 1363 999 1121 1382 925 875 1484 1218 1429 1743 1515 1276 1657 1248
555 300 652 516 924 610 662 878 1194 575 584 280 384 587 674 459 639 1214 1018 767 14 218 1445 0 1762 259 636 573 597 767 902 2123 587 1281 981 1873 353 297 355 784 295 941 692 950
1687 1655 1637 1427 1581 1667 2168 1398 1275 1769 1907 1782 1754 1418 1549 1787 1525 1753 2532 1817 1683 1848 1833 1762 0 1807 1949 1976 1789 1666 1697 2437 1618 2601 1764 2385 1793 1700 1738 2224 1824 1610 2139 1077
608 353 704 569 977 688 639 931 1247 531 616 256 512 662 727 531 691 1216 995 865 266 94 1498 259 1807 0 842 739 469 973 961 2155 787 1250 1187 2019 184 443 333 693 60 919 708 982
307 772 549 947 693 519 1045 1067 1520 997 404 722 513 1149 1105 582 675 1088 1373 1315 625 769 1438 636 1949 842 0 420 1134 472 1344 2154 644 1421 662 1774 844 252 711 913 796 1302 878 1150
451 709 756 881 893 592 876 1094 1409 934 199 658 450 930 1039 480 695 1124 1110 1181 562 759 1354 573 1976 739 420 0 962 686 1329 2149 646 1026 899 1664 607 187 678 618 731 1097 583 1155
981 548 1005 1026 1255 1031 1011 861 1176 206 928 569 777 488 777 905 992 1513 1367 658 614 452 1455 597 1789 469 1134 962 0 1288 992 2327 1106 1561 1502 2125 406 816 554 1002 459 843 972 1048
587 942 467 620 336 568 1394 784 1160 1128 753 852 644 890 778 687 419 775 1649 1283 756 900 1175 767 1666 973 472 686 1288 0 1167 1808 396 1328 315 1435 946 532 862 1234 947 1080 1199 982
1214 663 921 735 1143 940 1319 987 1244 834 1313 1078 1164 324 617 988 812 1527 1675 394 886 938 1363 902 1697 961 1344 1329 992 1167 0 2105 804 1823 1357 1999 927 885 615 1512 964 77 1234 1035
1949 2016 2047 1788 1904 2078 2529 1607 1966 2169 2203 2224 2015 1819 1925 2048 1851 1342 2414 2217 2044 2209 999 2123 2437 2155 2154 2149 2327 1808 2105 0 1676 1980 1454 1208 2028 1773 1973 2428 2059 1891 2212 1518
514 522 148 378 451 249 1067 737 1053 1010 719 775 713 551 536 370 49 756 1385 925 549 714 1121 587 1618 787 644 646 1106 396 804 1676 0 1634 687 1516 795 531 634 1226 737 779 912 778
1374 1495 1549 1621 1669 1473 1128 1719 2030 1639 1197 1126 1330 1593 1779 1361 1580 1152 924 1773 1442 1335 1382 1281 2601 1250 1421 1026 1561 1328 1823 1980 1634 0 1222 1393 1236 1061 1520 976 1360 1745 889 1648
800 1123 681 871 587 781 1386 882 1271 1342 966 1066 858 1104 1029 900 633 536 1759 1497 970 1114 925 981 1764 1187 662 899 1502 315 1357 1454 687 1222 0 1196 1223 809 1139 1511 1241 1357 1264 1079
1560 1648 1509 1420 1366 1540 1907 1407 1595 2048 1718 1835 1750 1746 1557 1659 1462 887 1741 2162 1862 2059 875 1873 2385 2019 1774 1664 2125 1435 1999 1208 1516 1393 1196 0 1786 1513 1731 1740 1817 1880 1737 1521
691 447 726 555 992 782 656 917 1233 484 573 214 606 697 713 625 676 1251 1012 947 360 269 1484 353 1793 184 844 607 406 946 927 2028 795 1236 1223 1786 0 375 446 596 264 866 612 914
148 433 452 605 589 316 979 818 1133 658 338 491 174 654 763 204 419 1242 1202 950 286 483 1218 297 1700 443 252 187 816 532 885 1773 531 1061 809 1513 375 0 457 755 542 876 720 981
558 137 656 560 908 620 977 1007 1178 396 751 502 536 466 555 463 624 1166 1169 511 265 310 1429 355 1738 333 711 678 554 862 615 1973 634 1520 1139 1731 446 457 0 888 435 576 855 893
966 905 1145 986 1408 1069 301 1348 1664 1080 619 753 927 1081 1144 957 1172 1606 600 1312 791 700 1743 784 2224 693 913 618 1002 1234 1512 2428 1226 976 1511 1740 596 755 888 0 904 1433 566 1557
643 388 740 604 1012 724 703 948 1264 532 697 320 548 660 762 567 727 1251 1059 860 301 26 1515 295 1824 60 796 731 459 947 964 2059 737 1360 1241 1817 264 542 435 904 0 925 787 1061
1172 621 879 648 1056 898 1232 900 1157 685 1111 922 1122 237 530 946 725 1440 1588 351 844 896 1276 941 1610 919 1302 1097 843 1080 77 1891 779 1745 1357 1880 866 876 576 1433 925 0 1156 949
731 940 831 1032 1032 755 355 1383 1699 1096 584 537 659 1004 1190 643 858 1292 747 1300 709 793 1657 692 2139 708 878 583 972 1199 1234 2212 912 889 1264 1737 612 720 855 566 787 1156 0 1389
1008 843 944 796 810 1038 1356 259 317 890 1228 970 1075 650 814 975 724 1008 1712 1232 871 1036 1248 950 1077 982 1150 1155 1048 982 1035 1518 778 1648 1079 1521 914 981 893 1557 1061 949 1389 0
