67
13
291.18 54795.35
34 11 0 30 26 23 5 13 4 17 12 14 2 0 6 32 28 31 21 22 27 19 1 3 0 15 16 0 25 29 24 33 9 8 20 18 10 7 0 0 0 0 0 0 0 0 0 0 0 0 0 0 0 0 0 0 0 0 0 0 0 0 0 0 0 0 0 
955.8 32919.35
1 2 25 26 0 3 4 0 6 12 13 24 0 7 19 0 8 21 0 14 5 34 0 15 31 32 33 0 18 11 0 22 16 17 0 23 9 10 0 27 28 20 0 29 30 0 0 0 0 0 0 0 0 0 0 0 0 0 0 0 0 0 0 0 0 0 0 
0 2 0 1 1 0 0 0 1 2 1 2 2 0 0 2 2 0 1 2 2 0 0 3 2 3 0 1 0 1 1 2 3 2
0 0 0 -1 0 0 0 0 0 10
 
0 28.12 10.21 29.99 22.73 16.01 12.38 30.92 54.98 45.53 45.64 5.01 14.35 12.71 9.84 15.49 15.49 24.08 33.28 20.79 33.32 21.88 14.46 12.23 28.39 16.26 10.1 22.15 15.78 30.28 7.47 12.95 13.48 37.77 1.38
28.12 0 13.88 1.76 14.01 26.03 12.05 37.5 32.75 20.33 32.17 31.8 9.48 26.79 13.88 45.72 45.72 21.22 25.23 1.12 18.21 19.41 33.46 26.34 8.69 2.69 22.38 6.92 17.42 10.72 32.57 19.75 13 8.35 23.64
10.21 13.88 0 19.63 17.57 20.05 0.85 45.12 48.07 33.47 35.74 14.12 3.23 19.72 0.09 23.32 23.32 16.74 26.2 10.21 28.05 6.4 18.11 18.04 13.18 5.57 16.93 6.7 1.74 15.12 22.31 2.17 1.19 26.45 5.69
29.99 1.76 19.63 0 10.45 23.41 15.9 35 30.82 18.36 30.24 36.14 11.55 23.07 17.7 50.25 50.25 17.47 23.28 2.95 16.23 23.19 38.12 22.49 12.56 6.62 20.26 10.81 21.2 14.57 30.43 23.51 16.83 9.98 27.37
22.73 14.01 17.57 10.45 0 8.2 15.45 22.31 22.05 13.6 17.89 30.09 7.47 9.82 17.26 42.69 42.69 1.66 10.74 13.21 4.41 24.84 43.35 8.68 22.57 8.38 6.88 16.21 21.23 24.49 17.35 24.16 16.38 24.59 24.35
16.01 26.03 20.05 23.41 8.2 0 18.94 14.01 32.85 25.11 26.17 20.33 10.16 1.86 15.43 30.71 30.71 7.61 14.83 22.84 15.94 34.82 27.65 0.97 32.04 18.13 0.93 25.8 30.06 34.44 7.3 26.73 22.69 34.04 13.65
12.38 12.05 0.85 15.9 15.45 18.94 0 44.15 45.32 31.25 38.49 16.9 2.85 21.91 1.02 26.04 26.04 17.46 28.37 8.12 25.84 4.01 20.85 20.11 10.83 3.37 19.02 4.32 1.82 12.78 24.56 3.31 0.72 24.46 8.53
30.92 37.5 45.12 35 22.31 14.01 44.15 0 22.23 21.37 10.49 37.3 27.01 15.63 32.01 50.38 50.38 18.02 9.4 39.16 14.18 54.67 51.61 13.24 50.5 34.8 14.09 44.2 49.3 52.96 23.72 40.3 44.53 46.58 30.62
54.98 32.75 48.07 30.82 22.05 32.85 45.32 22.23 0 4.5 11.5 68.81 33.38 35.14 48.84 74.91 74.91 23.21 15.08 34.08 11.38 58.28 76.62 32.91 46.71 38 32.24 44.65 55.33 49.19 43.96 57.43 47.7 31.45 52.57
45.53 20.33 33.47 18.36 13.6 25.11 31.25 21.37 4.5 0 16.23 52.77 25.81 27.05 32.89 65.66 65.66 15.66 9.03 21.22 4.54 42.1 60.66 25.89 30.76 24.05 24.63 29.09 39.07 32.02 36.08 41.24 31.8 23.1 44.9
45.64 32.17 35.74 30.24 17.89 26.17 38.49 10.49 11.5 16.23 0 53.08 28.83 28.47 54.31 65.89 65.89 18.81 6.67 36.11 10.47 53.64 67.09 26.19 49.89 32.96 27.03 45.4 60.26 54.19 37.6 61.43 53.18 42.37 46.24
5.01 31.8 14.12 36.14 30.09 20.33 16.9 37.3 68.81 52.77 53.08 0 18.95 16.93 9.98 8.6 8.6 28.21 38.48 25.31 38.51 22.32 13.39 16.46 28.49 20.85 14.35 22.26 14.58 30.37 8.38 12.44 13.61 44.04 1.12
14.35 9.48 3.23 11.55 7.47 10.16 2.85 27.01 33.38 25.81 28.83 18.95 0 14.38 2.19 30.26 30.26 10.16 19.8 9.84 19.27 11.85 25.14 12.87 19.08 6.26 10.32 12.71 7.26 21 19.59 8.86 3.16 21.15 13.02
12.71 26.79 19.72 23.07 9.82 1.86 21.91 15.63 35.14 27.05 28.47 16.93 14.38 0 23.14 29.48 29.48 10.87 16.64 25.93 17.65 38.5 26.45 1.21 35.68 21.28 0.95 28.87 28.85 38.12 7.47 25.53 26.64 37.72 12.33
9.84 13.88 0.09 17.7 17.26 15.43 1.02 32.01 48.84 32.89 54.31 9.98 2.19 23.14 0 22.96 22.96 16.38 25.85 9.84 27.69 6.7 17.75 17.67 13.47 5.19 16.57 7 1.71 15.41 21.95 2.04 1.22 26.09 5.31
15.49 45.72 23.32 50.25 42.69 30.71 26.04 50.38 74.91 65.66 65.89 8.6 30.26 29.48 22.96 0 0 39.29 51.79 35.24 50.4 29.99 23.78 26.28 46.77 30.52 24.24 31.87 25.53 49.19 17.07 22.29 23.46 54.9 9.89
15.49 45.72 23.32 50.25 42.69 30.71 26.04 50.38 74.91 65.66 65.89 8.6 30.26 29.48 22.96 0 0 39.29 51.79 35.24 50.4 29.99 23.78 26.28 46.77 30.52 24.24 31.87 25.53 49.19 17.07 22.29 23.46 54.9 9.89
24.08 21.22 16.74 17.47 1.66 7.61 17.46 18.02 23.21 15.66 18.81 28.21 10.16 10.87 16.38 39.29 39.29 0 11.66 16.52 10.81 23.65 33.95 4.92 25.83 11.73 3.12 19.51 17.77 27.74 13.67 18.4 13.41 27.67 19.16
33.28 25.23 26.2 23.28 10.74 14.83 28.37 9.4 15.08 9.03 6.67 38.48 19.8 16.64 25.85 51.79 51.79 11.66 0 27.12 2.13 42.63 53.35 14.52 38.85 23.87 15.38 31.4 29.57 41.28 24.97 40.8 31.59 31.91 31.84
20.79 1.12 10.21 2.95 13.21 22.84 8.12 39.16 34.08 21.22 36.11 25.31 9.84 25.93 9.84 35.24 35.24 16.52 27.12 0 22.02 16.32 30.11 28.56 5.93 1.53 26.06 3.91 13.91 7.96 33.18 15.76 7.83 13.37 18.58
33.32 18.21 28.05 16.23 4.41 15.94 25.84 14.18 11.38 4.54 10.47 38.51 19.27 17.65 27.69 50.4 50.4 10.81 2.13 22.02 0 35.55 56.4 18.13 32.27 19.08 17.55 26.69 32.66 34.7 27.83 34.69 26.86 30.7 35.25
21.88 19.41 6.4 23.19 24.84 34.82 4.01 54.67 58.28 42.1 53.64 22.32 11.85 38.5 6.7 29.99 29.99 23.65 42.63 16.32 35.55 0 9.82 36.85 9.95 12.94 34.05 9.85 1.36 11.91 33.78 4.18 3.07 30.95 16.34
14.46 33.46 18.11 38.12 43.35 27.65 20.85 51.61 76.62 60.66 67.09 13.39 25.14 26.45 17.75 23.78 23.78 33.95 53.35 30.11 56.4 9.82 0 22.96 22.84 23.96 20.67 21.28 8.59 24.76 28.24 6.41 15.66 44.89 8.29
12.23 26.34 18.04 22.49 8.68 0.97 20.11 13.24 32.91 25.89 26.19 16.46 12.87 1.21 17.67 26.28 26.28 4.92 14.52 28.56 18.13 36.85 22.96 0 32.5 18.63 0.72 26.28 31.06 34.95 7.09 27.74 23.18 34.55 11.8
28.39 8.69 13.18 12.56 22.57 32.04 10.83 50.5 46.71 30.76 49.89 28.49 19.08 35.68 13.47 46.77 46.77 25.83 38.85 5.93 32.27 9.95 22.84 32.5 0 14.03 36.97 5.3 12.53 2.05 49.74 15.27 13.91 21.38 29.41
16.26 2.69 5.57 6.62 8.38 18.13 3.37 34.8 38 24.05 32.96 20.85 6.26 21.28 5.19 30.52 30.52 11.73 23.87 1.53 19.08 12.94 23.96 18.63 14.03 0 19.35 4.4 9.54 12.87 28.5 12.54 4.49 15.51 15.37
10.1 22.38 16.93 20.26 6.88 0.93 19.02 14.09 32.24 24.63 27.03 14.35 10.32 0.95 16.57 24.24 24.24 3.12 15.38 26.06 17.55 34.05 20.67 0.72 36.97 19.35 0 26.59 27.42 35.33 4.55 24.08 23.49 34.93 11.71
22.15 6.92 6.7 10.81 16.21 25.8 4.32 44.2 44.65 29.09 45.4 22.26 12.71 28.87 7 31.87 31.87 19.51 31.4 3.91 26.69 9.85 21.28 26.28 5.3 4.4 26.59 0 3.96 5.01 33.39 6.38 1.9 20.37 16.1
15.78 17.42 1.74 21.2 21.23 30.06 1.82 49.3 55.33 39.07 60.26 14.58 7.26 28.85 1.71 25.53 25.53 17.77 29.57 13.91 32.66 1.36 8.59 31.06 12.53 9.54 27.42 3.96 0 11.68 27.78 1.06 1.64 27.97 9.64
30.28 10.72 15.12 14.57 24.49 34.44 12.78 52.96 49.19 32.02 54.19 30.37 21 38.12 15.41 49.19 49.19 27.74 41.28 7.96 34.7 11.91 24.76 34.95 2.05 12.87 35.33 5.01 11.68 0 45.89 11.87 10.48 17.92 23.85
7.47 32.57 22.31 30.43 17.35 7.3 24.56 23.72 43.96 36.08 37.6 8.38 19.59 7.47 21.95 17.07 17.07 13.67 24.97 33.18 27.83 33.78 28.24 7.09 49.74 28.5 4.55 33.39 27.78 45.89 0 27.14 27.69 48.23 14.28
12.95 19.75 2.17 23.51 24.16 26.73 3.31 40.3 57.43 41.24 61.43 12.44 8.86 25.53 2.04 22.29 22.29 18.4 40.8 15.76 34.69 4.18 6.41 27.74 15.27 12.54 24.08 6.38 1.06 11.87 27.14 0 2.39 30.02 7.49
13.48 13 1.19 16.83 16.38 22.69 0.72 44.53 47.7 31.8 53.18 13.61 3.16 26.64 1.22 23.46 23.46 13.41 31.59 7.83 26.86 3.07 15.66 23.18 13.91 4.49 23.49 1.9 1.64 10.48 27.69 2.39 0 26.14 9.86
37.77 8.35 26.45 9.98 24.59 34.04 24.46 46.58 31.45 23.1 42.37 44.04 21.15 37.72 26.09 54.9 54.9 27.67 31.91 13.37 30.7 30.95 44.89 34.55 21.38 15.51 34.93 20.37 27.97 17.92 48.23 30.02 26.14 0 36.54
1.38 23.64 5.69 27.37 24.35 13.65 8.53 30.62 52.57 44.9 46.24 1.12 13.02 12.33 5.31 9.89 9.89 19.16 31.84 18.58 35.25 16.34 8.29 11.8 29.41 15.37 11.71 16.1 9.64 23.85 14.28 7.49 9.86 36.54 0

0 1144 579 1295 819 770 671 1296 1730 1516 1625 632 803 664 551 875 875 921 1172 961 1318 1081 934 624 1338 764 497 1119 842 1366 681 758 741 1498 280
1144 0 718 354 683 936 596 1474 1408 1039 1350 1340 740 1116 660 1618 1618 998 1158 224 961 847 1077 1076 572 411 993 494 900 614 1232 998 664 580 981
579 718 0 1052 830 1336 167 1762 1871 1580 1860 892 532 1331 17 1076 1076 1156 1521 718 1358 576 1108 1262 833 521 1148 614 350 861 1141 440 236 1255 588
1295 354 1052 0 720 1133 750 1444 1378 1009 1320 1494 799 1115 814 1772 1772 996 1128 378 931 1001 1231 1334 726 565 923 648 1054 768 1162 1152 818 633 1135
819 683 830 720 0 656 669 1144 1046 941 963 1165 635 624 734 1368 1368 336 771 748 504 1077 1568 722 1008 494 432 789 970 1036 671 1065 737 1208 863
770 936 1336 1133 656 0 1337 680 1211 997 1014 897 849 371 1156 1100 1100 481 875 959 902 1288 1249 191 1219 705 184 1000 1240 1247 404 1222 1196 1452 973
671 596 167 750 669 1337 0 1650 1775 1484 1910 997 579 1381 201 1181 1181 1121 1571 586 1233 480 971 1291 737 445 1177 518 369 765 1188 468 140 1123 693
1296 1474 1762 1444 1144 680 1650 0 1318 1154 673 1406 1314 892 1621 1609 1609 960 730 1322 780 1797 1652 712 1670 1214 705 1509 1749 1712 913 2040 1457 1454 1104
1730 1408 1871 1378 1046 1211 1775 1318 0 469 487 1851 1316 1240 1426 1923 1923 842 925 1089 677 1695 1911 1103 1406 1186 1059 1328 1584 1448 1291 1683 1429 955 1482
1516 1039 1580 1009 941 997 1484 1154 469 0 828 1648 1238 1162 1149 1851 1851 764 658 1009 426 1492 1707 998 1202 909 981 1124 1381 1264 1334 1480 1152 895 1470
1625 1350 1860 1320 963 1014 1910 673 487 828 0 1837 1478 1323 1674 2040 2040 1004 579 1492 670 1927 2083 1143 1992 1478 1136 1762 1906 1769 1344 2096 1677 1420 1535
632 1340 892 1494 1165 897 997 1406 1851 1648 1837 0 1057 786 626 526 526 1043 1294 1215 1440 856 880 746 1414 1018 619 1195 954 1442 698 853 817 1694 226
803 740 532 799 635 849 579 1314 1316 1238 1478 1057 0 1060 443 1504 1504 859 1224 818 1351 865 1536 1029 1082 564 907 863 762 1110 1148 868 526 1297 1016
664 1116 1331 1115 624 371 1381 892 1240 1162 1323 786 1060 0 1051 1202 1202 695 993 1173 972 1502 1351 237 1433 919 187 1214 1342 1461 648 1324 1241 1666 950
551 660 17 814 734 1156 201 1621 1426 1149 1674 626 443 1051 0 1048 1048 1127 1492 689 1329 583 1080 1233 840 492 1119 621 344 868 1112 412 243 1226 560
875 1618 1076 1772 1368 1100 1181 1609 1923 1851 2040 526 1504 1202 1048 0 0 1426 1601 1598 1823 1257 1048 1129 1668 1401 1002 1578 1326 1696 877 1236 1200 2135 609
875 1618 1076 1772 1368 1100 1181 1609 1923 1851 2040 526 1504 1202 1048 0 0 1426 1601 1598 1823 1257 1048 1129 1668 1401 1002 1578 1326 1696 877 1236 1200 2135 609
921 998 1156 996 336 481 1121 960 842 764 1004 1043 859 695 1127 1426 1426 0 683 806 752 1444 1412 636 1066 552 327 847 1227 1094 567 1294 958 1299 1113
1172 1158 1521 1128 771 875 1571 730 925 658 579 1294 1224 993 1492 1601 1601 683 0 1058 384 1473 1613 673 1538 1024 666 1319 1699 1566 1093 1595 1267 1033 1271
961 224 718 378 748 959 586 1322 1089 1009 1492 1215 818 1173 689 1598 1598 806 1058 0 1096 840 1079 1121 624 307 1093 496 771 666 1466 870 542 744 859
1318 961 1358 931 504 902 1233 780 677 426 670 1440 1351 972 1329 1823 1823 752 384 1096 0 1562 1895 913 1288 979 869 1274 1451 1330 1155 1550 1222 1129 1347
1081 847 576 1001 1077 1288 480 1797 1695 1492 1927 856 865 1502 583 1257 1257 1444 1473 840 1562 0 677 1391 680 723 1239 656 277 708 1551 484 392 1171 923
934 1077 1108 1231 1568 1249 971 1652 1911 1707 2083 880 1536 1351 1080 1048 1048 1412 1613 1079 1895 677 0 1425 946 1191 1282 1120 669 974 1159 568 821 1499 651
624 1076 1262 1334 722 191 1291 712 1103 998 1143 746 1029 237 1233 1129 1129 636 673 1121 913 1391 1425 0 1295 781 141 1076 1340 1323 556 1322 1272 1528 904
1338 572 833 726 1008 1219 737 1670 1406 1202 1992 1414 1082 1433 840 1668 1668 1066 1538 624 1288 680 946 1295 0 748 1391 596 881 411 1630 1088 883 1132 1394
764 411 521 565 494 705 445 1214 1186 909 1478 1018 564 919 492 1401 1401 552 1024 307 979 723 1191 781 748 0 872 494 675 742 1472 770 484 950 760
497 993 1148 923 432 184 1177 705 1059 981 1136 619 907 187 1119 1002 1002 327 666 1093 869 1239 1282 141 1391 872 0 1088 1221 1335 385 1203 1284 1540 576
1119 494 614 648 789 1000 518 1509 1328 1124 1762 1195 863 1214 621 1578 1578 847 1319 496 1274 656 1120 1076 596 494 1088 0 405 457 1476 503 386 927 921
842 900 350 1054 970 1240 369 1749 1584 1381 1906 954 762 1342 344 1326 1326 1227 1699 771 1451 277 669 1340 881 675 1221 405 0 740 1360 207 332 1251 726
1366 614 861 768 1036 1247 765 1712 1448 1264 1769 1442 1110 1461 868 1696 1696 1094 1566 666 1330 708 974 1323 411 742 1335 457 740 0 1413 871 666 889 1216
681 1232 1141 1162 671 404 1188 913 1291 1334 1344 698 1148 648 1112 877 877 567 1093 1466 1155 1551 1159 556 1630 1472 385 1476 1360 1413 0 1200 1155 1750 612
758 998 440 1152 1065 1222 468 2040 1683 1480 2096 853 868 1324 412 1236 1236 1294 1595 870 1550 484 568 1322 1088 770 1203 503 207 871 1200 0 450 1350 640
741 664 236 818 737 1196 140 1457 1429 1152 1677 817 526 1241 243 1200 1200 958 1267 542 1222 392 821 1272 883 484 1284 386 332 666 1155 450 0 1176 761
1498 580 1255 633 1208 1452 1123 1454 955 895 1420 1694 1297 1666 1226 2135 2135 1299 1033 744 1129 1171 1499 1528 1132 950 1540 927 1251 889 1750 1350 1176 0 1445
280 981 588 1135 863 973 693 1104 1482 1470 1535 226 1016 950 560 609 609 1113 1271 859 1347 923 651 904 1394 760 576 921 726 1216 612 640 761 1445 0
